Not Modified Data:

a: 0.0012358659495078554
b: 0.0027619360874515204
c: 0.00026691819326465487

Function: 0.0012358659495078554 * e^(-x/0.0027619360874515204) + 0.00026691819326465487