Modified Data:

a: 0.0007728425528467546
b: 0.006029833977462375
c: 0.00022421300489283805

Function: 0.0007728425528467546 * e^(-x/0.006029833977462375) + 0.00022421300489283805